995
555 711
628 452
835 64
964 226
530 412
228 67
343 51
6 684
416 280
379 466
943 638
8 316
247 18
822 565
424 234
459 549
10 111
19 341
509 347
126 25
29 222
96 184
578 433
895 814
44 478
647 224
852 910
333 209
113 31
608 561
657 126
764 712
511 109
317 145
962 111
176 168
513 448
785 514
214 795
415 379
75 139
326 190
472 376
315 175
275 739
584 875
470 121
178 196
114 480
18 827
712 477
52 7
453 528
28 27
281 386
70 17
145 318
74 823
125 78
90 181
527 30
50 44
247 429
112 359
4 194
605 740
733 564
596 166
407 458
389 653
12 103
89 467
6 48
188 349
975 652
64 252
660 559
846 53
140 453
133 54
41 183
119 844
173 163
746 198
379 293
229 514
354 117
767 172
567 429
381 120
279 210
178 142
410 70
885 230
136 883
242 589
231 938
151 103
702 375
57 71
644 935
62 258
131 155
532 17
926 746
231 67
7 25
197 92
447 729
857 293
270 17
8 352
275 437
483 11
670 3
870 242
353 668
275 462
239 115
129 5
354 607
229 267
580 69
580 725
525 812
692 716
131 198
36 62
53 242
692 683
597 423
48 87
382 533
163 920
223 173
14 128
37 16
157 27
61 95
185 174
863 574
21 6
204 394
9 391
187 34
406 737
66 4
81 913
395 682
571 798
122 72
769 851
869 481
657 748
221 819
879 504
721 582
679 333
886 169
470 562
574 168
287 46
501 343
253 199
342 258
298 313
547 8
29 380
525 291
362 59
989 2
413 904
604 218
61 209
6 1
867 118
21 520
588 90
41 706
23 390
821 716
191 557
17 255
891 92
24 4
650 713
85 634
852 462
41 160
106 663
130 34
970 658
308 189
7 654
190 261
182 331
678 842
980 383
122 477
575 517
598 302
40 23
51 16
776 765
504 98
191 340
847 465
69 146
39 67
556 112
59 930
43 828
191 887
58 488
125 801
489 92
754 311
434 459
114 174
276 250
14 585
223 330
486 447
144 66
43 636
13 29
163 118
819 949
408 322
452 346
504 732
194 535
339 573
666 108
273 296
17 76
378 856
22 23
939 635
779 252
471 614
953 387
347 661
35 295
317 794
934 920
250 933
689 627
435 48
610 208
485 788
111 773
283 152
76 172
301 957
911 704
537 560
90 91
241 374
782 126
6 45
42 44
738 880
42 207
571 595
100 95
388 367
327 680
170 31
519 433
990 810
329 726
159 161
248 226
192 749
66 420
254 52
724 297
816 22
876 367
35 99
49 46
142 434
591 31
605 820
1 284
27 21
686 679
7 140
179 542
505 144
409 64
332 285
344 457
605 507
774 191
75 23
358 78
265 15
982 892
199 233
55 119
971 302
539 618
745 924
292 559
256 10
992 387
358 407
33 16
123 465
19 8
2 1
548 317
54 17
102 17
182 375
493 537
262 159
255 309
439 272
900 472
617 280
98 216
425 304
665 584
15 42
642 538
54 635
940 76
906 224
474 373
742 831
511 523
256 314
658 445
587 43
730 706
765 486
39 142
56 484
94 201
710 817
143 78
78 579
802 239
19 80
108 423
512 1
427 23
654 984
612 664
101 461
447 363
267 382
58 42
171 188
235 8
219 20
321 25
293 39
4 15
901 929
639 440
717 583
174 586
854 710
133 224
738 250
892 638
594 587
884 428
79 44
168 976
86 210
951 129
805 781
20 3
927 573
640 467
916 819
481 968
115 401
274 747
471 55
3 700
745 304
836 564
675 101
921 133
60 28
11 5
4 8
349 395
980 983
114 66
39 413
194 263
363 43
958 370
315 521
278 347
145 291
590 328
384 180
58 431
85 56
967 149
121 171
701 485
43 674
92 370
177 75
151 383
138 4
690 74
361 506
432 978
461 818
878 248
902 499
435 491
139 273
522 298
381 603
304 136
524 454
405 342
981 913
581 399
5 17
122 403
1 81
145 132
720 447
738 937
959 106
121 217
158 433
175 11
110 131
366 257
62 200
239 274
321 985
446 239
141 850
226 12
695 12
445 150
344 905
430 154
44 124
189 57
528 793
413 705
667 204
617 718
132 368
723 115
206 348
329 37
70 104
287 815
761 696
941 649
28 298
501 899
864 801
73 34
330 714
419 353
295 350
752 276
293 294
292 64
72 497
65 61
759 346
135 727
492 531
72 11
859 695
602 485
302 132
475 56
168 259
156 838
977 552
362 398
709 393
55 31
108 651
361 418
105 132
96 11
615 505
158 154
191 6
200 345
483 833
626 373
280 824
479 19
15 16
874 20
639 888
361 612
490 236
498 79
942 697
706 756
955 255
612 792
63 24
164 134
1 5
160 500
206 772
963 447
63 118
8 182
51 97
82 300
481 216
278 58
205 534
26 5
230 173
69 101
206 107
112 311
787 526
16 141
565 32
577 405
232 70
46 236
324 74
91 285
218 124
762 498
51 90
72 641
338 314
115 28
829 186
789 732
50 117
719 813
370 389
212 691
24 646
493 845
909 244
945 767
150 476
840 177
118 554
12 277
826 491
686 843
359 936
8 9
68 15
86 84
156 290
396 199
673 194
109 6
972 135
493 619
112 16
406 110
423 672
244 139
24 34
243 90
499 216
606 125
190 237
901 460
119 944
529 334
234 78
330 551
91 168
552 382
306 285
988 493
68 402
494 455
88 68
161 811
541 931
696 304
616 548
468 66
580 630
358 896
212 456
631 614
46 12
806 249
220 124
440 973
109 893
686 783
27 464
346 179
328 652
710 340
648 17
217 417
549 698
791 839
174 693
58 339
33 289
4 2
72 137
757 401
872 98
310 270
43 28
89 49
601 93
137 202
225 223
107 54
336 72
86 510
810 631
219 825
583 524
264 146
189 211
8 208
347 800
655 613
803 954
39 627
807 74
328 493
32 123
313 814
131 166
399 3
221 191
155 180
498 592
248 455
117 688
22 9
683 881
755 991
461 799
736 882
133 282
397 237
861 631
832 85
156 61
110 780
83 52
368 426
244 571
388 442
993 864
674 758
227 272
288 230
62 356
320 373
75 948
804 571
777 76
570 437
865 394
335 775
448 59
28 192
98 167
286 956
152 543
153 131
629 103
760 751
152 46
569 182
886 979
568 16
584 152
614 966
632 241
139 203
593 703
17 36
134 95
708 365
110 16
576 252
469 119
38 34
204 66
334 421
367 309
582 146
328 195
473 232
898 235
923 246
723 894
377 123
356 897
965 951
250 71
319 98
511 662
93 781
638 61
77 213
613 946
363 621
195 50
599 830
155 179
728 66
271 84
753 108
637 308
526 522
103 241
974 254
64 485
29 61
41 21
734 565
169 43
459 677
719 44
550 64
94 150
76 106
49 460
915 75
336 947
117 633
57 1
320 16
269 492
120 325
853 534
73 808
322 94
149 130
675 961
890 727
346 871
657 659
83 376
786 652
771 181
12 4
127 116
28 56
162 10
108 103
736 307
566 546
650 280
538 354
360 671
848 520
301 327
8 135
154 917
426 731
862 537
815 873
969 851
332 495
2 443
30 544
600 58
679 784
918 644
518 404
53 48
12 378
541 338
234 744
257 387
136 440
303 162
305 55
112 681
89 307
502 855
333 797
10 3
625 19
69 40
463 360
908 379
392 385
892 932
286 59
56 697
129 238
353 69
837 503
117 611
82 50
26 31
707 662
835 866
699 85
436 238
683 538
317 593
649 88
356 572
13 8
502 278
432 227
907 535
357 94
548 751
558 21
952 569
474 678
4 30
177 516
246 849
301 81
987 700
507 302
186 246
487 741
868 814
8 120
912 93
334 180
683 914
59 18
414 180
158 925
227 152
533 735
537 546
116 34
412 260
283 950
470 986
778 88
192 268
687 501
715 586
286 763
536 449
515 497
57 240
280 117
443 768
299 803
743 715
667 742
214 9
80 212
750 586
263 275
251 113
371 69
449 56
14 18
121 19
94 61
78 44
438 177
450 112
599 189
37 193
694 535
32 23
42 47
94 199
342 613
644 361
300 482
572 770
53 93
928 621
133 444
364 214
257 59
385 31
48 190
656 180
